<?xml version="1.0"?>
<opencv_storage>
<classifications type_id="opencv-matrix">
  <rows>30</rows>
  <cols>1</cols>
  <dt>i</dt>
  <data>
    45 45 45 45 45 45 45 45 98 98 98 98 98 98 98 98 98 98 98 111 111 111
    111 111 111 99 111 111 111 99</data></classifications>
</opencv_storage>
